%YAML:1.0
---
intrinsic: !!opencv-matrix
   rows: 3
   cols: 3
   dt: d
   data: [ 8.2517346623625599e+02, 0., 3.1491314458590216e+02, 0.,
       8.2413548789875995e+02, 2.4756415885573372e+02, 0., 0., 1. ]
distCoeffs: !!opencv-matrix
   rows: 1
   cols: 5
   dt: d
   data: [ -3.9803243671350019e-01, 6.1846987277155041e-01,
       6.6425149240448701e-04, 6.6738242222686935e-04,
       -5.9257725351867374e-01 ]
